# Created by Octave 6.3.0, Sat Nov 27 12:01:13 2021 GMT <unknown@LAPTOP-MFOFPDLJ>
# name: ces
# type: matrix
# rows: 1
# columns: 25
 4.4020765124724299 2.4769250903537148 1.7256590177126405 1.1425386503437689 0.91694383298108539 0.79653879556678653 0.76301763951138912 0.73506882046577404 0.72892798289409777 0.72588745059574877 0.72398318486002977 0.72337634965762054 0.72300255900107646 0.7228376600026889 0.72276360711176479 0.72272724763801399 0.72270924794948976 0.72270029508916345 0.72269582794062437 0.72269359521205712 0.72269247910824863 0.72269192128758208 0.72269164240874495 0.72269150297963403 0.72269143326556595


